270 1 85
65 2 141
116 5 246
298 7 269
247 8 37
226 9 295
214 10 54
112 11 149
292 6 276
249 12 104
187 13 84
259 14 167
150 4 180
284 16 173
216 17 60
289 18 244
225 19 66
144 21 30
102 22 300
115 23 275
228 24 138
40 25 178
26 27 217
38 20 234
139 28 15
69 29 283
79 31 137
170 33 186
184 34 142
148 35 47
36 39 71
265 42 207
238 32 46
127 3 278
229 44 70
41 48 58
288 43 230
68 52 222
98 53 208
106 50 198
113 55 120
49 51 211
92 57 56
248 61 140
100 62 231
210 59 218
202 63 266
291 45 89
156 67 72
268 76 80
290 73 189
154 64 273
97 74 131
93 77 169
197 81 224
296 78 109
262 83 185
206 86 204
194 82 200
175 87 111
232 90 163
192 91 105
282 94 209
159 95 110
146 99 117
237 101 250
199 75 118
236 96 147
294 107 88
171 145 176
125 119 195
165 151 103
190 122 267
263 123 254
188 108 240
293 114 227
251 124 196
129 130 221
245 132 183
256 128 213
179 133 153
285 135 220
297 126 193
257 121 212
191 143 299
239 152 174
201 157 182
162 136 272
155 158 241
281 161 258
277 164 261
160 168 205
223 172 203
177 219 287
286 166 255
215 134 252
233 242 260
280 243 235
181 253 271
279 264 274
